Window	CG_Weighted_mC	CA_Weighted_mC	CT_Weighted_mC	CC_Weighted_mC	CH_Weighted_mC
1	0.404038305739629	0.03268912899550063	0.010714139138957895	0.004073490520225964	0.01757939122183759
2	0.4029767281799802	0.031811719821809165	0.010614333812477691	0.004008478517892584	0.017216578498113685
3	0.3953759925268566	0.03116573420159589	0.010647377059145341	0.0037926675094816687	0.016900465169160092
4	0.3929578075538788	0.03157630522088353	0.010358656929756424	0.0036563725349895533	0.016938683454697397
5	0.3802950192359125	0.03031312686418998	0.010873102610807529	0.003975293338177777	0.016694422898847327
6	0.3762642478728528	0.030519959499145544	0.010144706927960797	0.004023275738969013	0.016532616819103882
7	0.36538689184390166	0.03065717211207298	0.010439010794857885	0.003755174134532883	0.016588192161797705
8	0.3637445538163628	0.031040306104373087	0.010365691909303353	0.003789296237225203	0.016709625486199118
9	0.34314900304488755	0.03050618898582881	0.010391613410602346	0.0038168356753719226	0.016483521546620222
10	0.3399139221556886	0.030304203486290034	0.010617264930930006	0.004141242813401767	0.016544230493769057
11	0.32148733135899965	0.03025249651762767	0.010046513084741516	0.0038879389132934344	0.016229884451507103
12	0.31313828820643286	0.03068343422159679	0.010285315823115811	0.003883878367207108	0.01647517058467809
13	0.3058262711864407	0.030673169067437323	0.00998974375540068	0.0036615666274355954	0.016302609111267862
14	0.296541997492687	0.030606059035963543	0.009989231854034228	0.004014950102107656	0.016324476531155024
15	0.28716953674508855	0.030285606263488713	0.010138764673787708	0.00424062064032186	0.016385556293325006
16	0.2749698842507725	0.030351433404055644	0.010033358994098024	0.004285207463834842	0.01631380525337196
17	0.27371627502175805	0.03173712978820028	0.010967937189717086	0.003814727208328075	0.01707898730518151
18	0.2680417781976592	0.031553876941289215	0.010154650728427344	0.004063534306335745	0.016785108960796984
19	0.2787811489597962	0.031696780060372055	0.010270873692819095	0.004066912882902455	0.0169085360817378
20	0.286995005194029	0.02832305361269686	0.01063127332008505	0.0038191684235993504	0.015436537788763407
21	0.4614086980635023	0.025972770583693735	0.009213263987915976	0.0035160209719322507	0.013869970662196144
22	0.5581815570925974	0.025953253050146247	0.00902523508803627	0.0036730344719740197	0.013934822781095592
23	0.6200731409995937	0.027622608559370418	0.00921353910439784	0.0036296766215098493	0.014757308116519464
24	0.6408147665826799	0.027372928851653325	0.009320843527036958	0.0034965318951933853	0.014608119282368368
25	0.6635244521861323	0.02799239490176748	0.009221125310399128	0.003591367658101799	0.014902013056326234
26	0.657805437828248	0.027584349327819634	0.009542687243380999	0.003524886618060738	0.014838973425379206
27	0.6913513048958662	0.02777180110592336	0.009335760360928714	0.0037346402610713824	0.014920597688094386
28	0.6799373987534664	0.027874897604262764	0.009392183585138611	0.0033953660105591316	0.014922176422584454
29	0.6806216345170745	0.027634349526293154	0.009788064096639333	0.0036436921773799007	0.015030443396649367
30	0.6911169699026338	0.027868353336345242	0.009432222368594388	0.003495876658300466	0.014924154704510181
31	0.688560099860489	0.027357824369355445	0.009170020561895203	0.003514584701491306	0.014657724201367997
32	0.6920655833699312	0.028322963405192116	0.009867339382757885	0.0038720533032398884	0.01533357788232445
33	0.6860395592595756	0.026819533301711072	0.009335205178218682	0.003335998548689453	0.0144316622243889
34	0.6802609738104021	0.02728400432443608	0.009525183673374401	0.0036402542875145828	0.01476095875016363
35	0.7088089853598364	0.027365766075621804	0.009397731794230342	0.003277321115354013	0.014632033618560442
36	0.7072701995420346	0.02679073068317349	0.009051374753933842	0.003422967541710286	0.014356852865480118
37	0.7031517988659981	0.027180290153925465	0.009415067852129153	0.003637027428441831	0.014661081772308378
38	0.6982086179998924	0.026469018305382765	0.009083898478078433	0.003481953290870488	0.014223806342217832
39	0.7022233039986004	0.025674710417602487	0.008731660583219187	0.0033928975344944584	0.013765904492029041
40	0.7016780519457111	0.026936639107685952	0.00911695643696966	0.003595061431101345	0.014650945480564389
41	0.5877456166212864	0.0287620018693177	0.009392289892218577	0.0038537933070423983	0.015544577584139043
42	0.5763083243666243	0.029846234418382554	0.009385041131840587	0.0037907132448505377	0.016250409742089477
43	0.5649045174317444	0.031070710641666683	0.00970427509331823	0.003978485278638817	0.01691120788648254
44	0.5645392613840086	0.030998116901835553	0.010075863892448187	0.0036856016043206982	0.01692360637796751
45	0.5557080445572863	0.03109958583634939	0.009981266179897216	0.003785599439642135	0.01695104287800424
46	0.5451496565823628	0.031385742913535894	0.010142232148507757	0.0040051563582258025	0.017159356730635646
47	0.5379135333969688	0.031622951160465734	0.010014665571855175	0.004029085556204157	0.017171802739422055
48	0.5355121838549486	0.03156423160040621	0.010075309986014443	0.003898757859512875	0.017119361589696586
49	0.534610547120654	0.03165339774205512	0.010168785247878048	0.0038789224309586303	0.017165383614117298
50	0.518146613832853	0.03202746872544589	0.010082922895652156	0.0037789145415538417	0.017302430328042597
51	0.5181738366988586	0.031594087515584866	0.01033261468999108	0.004069651077456802	0.01731433673667456
52	0.5248062528979267	0.03237322007071322	0.010490495967106845	0.003884558641955766	0.01761618935875622
53	0.5187173135150014	0.032616610723748295	0.010375514531103767	0.0037581895111200793	0.017551750745300083
54	0.5134469308150277	0.031772208409984834	0.010667140111955886	0.003605485944337922	0.01733473331941475
55	0.5100747218173827	0.032547210693065494	0.010633389174561341	0.0038773263169185825	0.017645022591458972
56	0.5128632627069585	0.03271920517025176	0.010707186345423322	0.003762692806598218	0.017691039232775874
57	0.5147808119467469	0.032334104165410577	0.01054749100743973	0.0040926562041092565	0.01758929270025176
58	0.503342105876051	0.03222479564835605	0.010620696108580348	0.0038055407634460274	0.017533705966664984
59	0.5153244212585588	0.03287392455982674	0.010391453581481903	0.004130993081714394	0.01773511607588617
60	0.513119666918308	0.032465919231709474	0.010672060004442242	0.0038863869846418255	0.017592865111478728
