Window	CG_Weighted_mC	CA_Weighted_mC	CT_Weighted_mC	CC_Weighted_mC	CH_Weighted_mC
1	0.3734505462169419	0.029114957220768994	0.009043043767584668	0.003588457458935953	0.015346720485210444
2	0.3761309380050904	0.02845424705326211	0.009133382513085327	0.003367297265539758	0.015078442098493091
3	0.37678211505390263	0.027470427722515605	0.009410001151286033	0.003291526583858434	0.014753499238330749
4	0.36288652028172197	0.028217061873611123	0.00906995744841624	0.003293924279829892	0.014921919098502257
5	0.35851507116185943	0.027835782891123106	0.00992118029859863	0.003465442210418985	0.015126327807431127
6	0.3567434091074152	0.02783298408932844	0.009006940558018952	0.003319985978536375	0.014767453798325085
7	0.34415369903503434	0.027080305460552283	0.009183076245894583	0.0033567812722673806	0.014513661659192044
8	0.3363360762234734	0.028132752783577693	0.008811348379922765	0.0035103100718124444	0.01478249312214907
9	0.32523748568348715	0.027796369935824246	0.00898020937553381	0.003495878170670392	0.014691692400709363
10	0.30994362873623493	0.0264812394908658	0.009357258442224629	0.003764688246336669	0.01434418719401168
11	0.29994205077604974	0.027218726331283433	0.00934854822989571	0.003769733260751225	0.014626703095391345
12	0.2913259254635121	0.027263016782204125	0.008708526307797435	0.0034925680607379413	0.01434220904713847
13	0.2900251103991688	0.025969329575671954	0.008474445654631018	0.0033071390697864125	0.013697569965136935
14	0.27533833532010377	0.026976979710173706	0.00920388941888814	0.003393876491956409	0.01428472103123653
15	0.27293416875052684	0.026530648389210633	0.008678482013792588	0.003475080345575446	0.01401920836519156
16	0.26390336536402187	0.026019563192216127	0.008562397145324491	0.003433888681788203	0.01370467328778653
17	0.2519809382729852	0.028062280907678552	0.010357403758882519	0.0034944078576955072	0.015105305955294437
18	0.256657269216894	0.026789429036110077	0.008694675038276235	0.004062442772626536	0.01418760893805274
19	0.2608077536437923	0.02816179231273571	0.009822324538102828	0.0041682513120864075	0.015099169467445252
20	0.2531226323195151	0.02499941343469182	0.009643687645337934	0.003438644963661481	0.013452728871274161
21	0.42188969356826805	0.022436908240999656	0.007756271053972369	0.0031353615865727883	0.011789443830574049
22	0.5288248451302349	0.023110059673034145	0.007921249355559374	0.003511198417789181	0.012323096538411852
23	0.5914505437533174	0.023808874092670414	0.007851112704288411	0.0029546166356614304	0.012526664501995471
24	0.6127762602433573	0.02391723644717024	0.007715973596406338	0.0029687402645477436	0.012457547188905396
25	0.6418504351397838	0.02496271524083143	0.008094538259631386	0.0032389930082426786	0.013131401734788838
26	0.6433239727493673	0.023999528163993783	0.008009814612868048	0.0032808890888124894	0.012746016146625478
27	0.667728652201836	0.02359837006546628	0.007969553771080488	0.0035019837301399704	0.012668763166137013
28	0.6584116450300329	0.02386980287158866	0.007991040670779232	0.0030848963474827246	0.012723313266142063
29	0.6675953313123627	0.024884219763077073	0.008258415220572862	0.0031343624374684316	0.013193721729389605
30	0.684005292925981	0.024808946299773576	0.008106105173085592	0.003059568826805466	0.013073015970410662
31	0.6707020465401639	0.0231774309086119	0.007868267928209952	0.002878440756989726	0.012344903667772604
32	0.6751825214619126	0.024009968282736747	0.008057153236059817	0.0032932331300512246	0.01277447937020989
33	0.6658731361049192	0.023616471020631358	0.007834810511624579	0.0030337635609544904	0.0124894963749298
34	0.6722368380005616	0.02362178644547075	0.008389856387235115	0.0030751216571456726	0.012716812807669564
35	0.6871833216910499	0.024117352066188355	0.008170625013336747	0.0032585782632673687	0.012865363040882058
36	0.6901212686567164	0.024170643950518104	0.008059061874828632	0.0031046580494036346	0.012811765000698081
37	0.6838926964410201	0.023790818259961367	0.00817753781913907	0.0030550236604552114	0.01265499924246531
38	0.6841995038180236	0.023466280351716905	0.0077453737651813105	0.0031917442696326004	0.01242718004157162
39	0.6843656794062565	0.02251074615741307	0.007722066366634112	0.0031266987536851796	0.012053856928662674
40	0.683820873961719	0.02360450350435694	0.0077305962104135635	0.0031071894527226534	0.012619809805405816
41	0.5675183842723109	0.02570405462335164	0.008012436967094898	0.003554046271235501	0.013630139167542434
42	0.5511921946468634	0.026234128266360242	0.008293728450284223	0.003404721999337024	0.014167951754455285
43	0.5549990655952158	0.026805605866377376	0.00836815839655942	0.0034205706677628853	0.014442468343754716
44	0.5347458852198336	0.0274195985946896	0.008786639345574464	0.003381646907536978	0.014795404211439085
45	0.529291757934974	0.027888942611671068	0.008559614527562438	0.003193056398464161	0.014880542777076629
46	0.5197098774704405	0.028697156612005417	0.008921040418104405	0.0034875738020046683	0.015367528494943047
47	0.5239799107623995	0.02787746574658596	0.008599291679774312	0.0034312693866720345	0.014917807763031808
48	0.5119712861072903	0.02798931725633296	0.00885597525821511	0.003406128016156501	0.014992184274169764
49	0.5221745055126564	0.02773140664420709	0.008983687620550941	0.003302123265259562	0.014894717366724023
50	0.507328426747185	0.02854892436330278	0.009032260652111572	0.0033234691554746188	0.015282744747429593
51	0.5011114254536637	0.027732312740025578	0.008799633500636509	0.003472560975609756	0.014941035267912937
52	0.4948694316436252	0.028289553460454118	0.008899210366140107	0.0034952421660194555	0.015172241796887467
53	0.4895386097555867	0.028289823779607745	0.008892012968116631	0.003245396804252923	0.015059364776749951
54	0.48920847981250665	0.028736161123446423	0.009068130294714235	0.0032503802822505365	0.015330864747104806
55	0.48447874814971453	0.0285846207122107	0.009204814319514453	0.00348193650407493	0.015342254323133636
56	0.48456198628678504	0.02862379686585354	0.009193912431919662	0.003617005323536028	0.015344733653471153
57	0.48934356351236147	0.02834099573573424	0.009001539250897896	0.0036079886832058165	0.015224045218545342
58	0.48147519416033613	0.028495845842082226	0.00907108591365024	0.003268104223372622	0.01524232981711014
59	0.488644330663494	0.028750053492995337	0.009101499316968513	0.003596340608653867	0.015400302407041698
60	0.494980583326448	0.028683104937332508	0.008982489646367666	0.003570277289508737	0.015270769553983496
