Window	CG_Weighted_mC	CA_Weighted_mC	CT_Weighted_mC	CC_Weighted_mC	CH_Weighted_mC
1	0.4024289882540712	0.03470712895865063	0.011714911072779718	0.003991115725336352	0.018742445749018146
2	0.40082824203072676	0.034400106650125016	0.011342526952969022	0.00375478529887054	0.018455489483875133
3	0.40423312727365235	0.034428214824151655	0.011537406068815722	0.0038739146359856075	0.01852246386692119
4	0.3894060169709437	0.03434100214734105	0.011639767554366515	0.003860788065091683	0.01851832158967891
5	0.39499577597773694	0.033247663615080414	0.011700875173265748	0.0037834716218396757	0.01807851512313976
6	0.38739224137931033	0.03317950241649925	0.011223810135901001	0.00380393342903513	0.017911513500113357
7	0.36867766443397787	0.03332511380354585	0.011522211885447466	0.003759882568051299	0.01802913133148028
8	0.3670649473559683	0.03409271989734443	0.01121216380705149	0.003597075814296115	0.01815510228813367
9	0.3528054804734831	0.033463948500305596	0.011201073069476392	0.0037600073536814367	0.017912890079141784
10	0.3414043583535109	0.03305471124620061	0.011195247432961176	0.0037481883026749627	0.01767220523019146
11	0.33016983016983015	0.033411559628165	0.011482853685615559	0.0038854588034915906	0.0179571219379466
12	0.31538897610326183	0.03274909534942594	0.011284831673181188	0.003757404694059166	0.017603675161250897
13	0.3021406210339284	0.03162983926562897	0.011443045135741516	0.003409060163598813	0.017110930986567855
14	0.29235852781645505	0.03257096149602653	0.0111094032579298	0.003626750765235136	0.017385869281603877
15	0.286165482275693	0.03234412942697657	0.011400722775511853	0.0038078667389258108	0.017519151336499447
16	0.27410161596763977	0.032789617048549914	0.010822298069068835	0.0038435590691840633	0.017410108724502216
17	0.26614245882895715	0.03369073881646447	0.011426382485298583	0.0038607782900598347	0.017972198201530547
18	0.2624254473161034	0.034	0.011057129685449838	0.003662081089658021	0.01793286525849795
19	0.27464546462291195	0.0350552027118833	0.01115597505829416	0.004015439208118035	0.018484340231605535
20	0.2809119848002533	0.030487871773211484	0.010959246130973772	0.0036190280910395737	0.01629197845201644
21	0.4622083028922601	0.027750158318685155	0.009768826526024173	0.0033538389442456544	0.014689183905428038
22	0.550024712278472	0.027961922596754056	0.00936993091774947	0.003512310474335791	0.014804134358395159
23	0.6198830409356725	0.029626670661273946	0.010054559346292225	0.0031651515370496163	0.015710060412554322
24	0.6382045616891208	0.02986878453038674	0.010150861676766574	0.0032825175900649773	0.015798894655617506
25	0.6601439146865455	0.030198138777254097	0.010218847058401107	0.0031334945948425287	0.015972797086129826
26	0.6539852380244712	0.03036442310097296	0.01025539986375112	0.003285359531621019	0.01608141184986238
27	0.6772063641403874	0.029698725862130095	0.009668713522031051	0.0036956275487086544	0.015766942531681757
28	0.6760292786713453	0.02941552940029135	0.010160159499320016	0.003357095864238142	0.01579733455882353
29	0.6810199739608142	0.030605898945122185	0.01038984076301977	0.0033836317357726757	0.016316086760054225
30	0.6934788320942239	0.030203037532596094	0.010132349887033739	0.00337640969389504	0.016059273052403296
31	0.6760103926096998	0.028474788533017215	0.00990924911190692	0.0033628450849364205	0.015314631053820048
32	0.6856604527677067	0.02991151958143762	0.010329011412975316	0.0032620310074393663	0.015976496685321435
33	0.6824797766890737	0.028587604159795967	0.01001769566411916	0.0032661095934436767	0.015353968579342679
34	0.6862170087976539	0.02846172740553049	0.010038534569418072	0.0034918036479961554	0.01536060789756562
35	0.6967371436719773	0.028482371581300993	0.010253400538562453	0.0032263718339885037	0.015361900714859794
36	0.6971420185640386	0.029185496460976842	0.009911242603550295	0.0032852853261794686	0.015545355686696726
37	0.6878082741368324	0.028301518970503578	0.009985804976144473	0.00335056890553568	0.015196958164284268
38	0.6929679586287786	0.02828681653347589	0.00975221869830273	0.003230258360402818	0.015088712470041513
39	0.6913426721773162	0.02705522091732005	0.009141441327942765	0.003150666349296539	0.014396854541472081
40	0.6889516000671086	0.028806961408256806	0.009848685082742297	0.003424880315912984	0.015584096759217623
41	0.5799041861048932	0.030904703646571274	0.009991599645713155	0.0037013072046464695	0.016565738716698697
42	0.5811124938364366	0.03192081972480139	0.0098354706939261	0.003534110052187025	0.01716871609586735
43	0.5740807037283281	0.03295346564375498	0.01049002745099972	0.0038777575703522167	0.01794181852352486
44	0.5713443870034554	0.0333771612501484	0.01046799372744437	0.0036062288712465393	0.01799422771091434
45	0.5539425842513702	0.033457983333148394	0.010683447621563848	0.003509637274244954	0.018088456435205662
46	0.5524724975492866	0.03395217751135169	0.011054473247690426	0.004050713417704268	0.018514894464923642
47	0.5502430450663225	0.033898686290959226	0.010968305648164872	0.0038031679050851606	0.018424346912862277
48	0.5377760664484722	0.034347323835194454	0.011272558548438302	0.0037136661402806218	0.01861020832175592
49	0.5502107481559536	0.03457995557710304	0.010681522549339621	0.0037336815601160256	0.018487612451806367
50	0.5449312440038375	0.033992949344719636	0.010950522820250112	0.003668502194208515	0.01842729135693334
51	0.5314263424782213	0.03308403565421528	0.01068178208871352	0.003773541623655174	0.017992611842028598
52	0.5280801388231582	0.03478827808661039	0.011095078000257852	0.0039057722881252295	0.01878551091254539
53	0.5242433472710658	0.034668926949263414	0.011383184000717993	0.0037244804119919072	0.01878207502248558
54	0.5259957433870477	0.03539336060799315	0.011317178556872198	0.004072750121646112	0.01913860745220598
55	0.5212587142817778	0.03464288108209309	0.01202529751513761	0.0036366141973418263	0.018961276433672524
56	0.5221706553343771	0.03521024297977594	0.01145061982594459	0.0038413119791884565	0.019007721088776564
57	0.5226427847245692	0.035061582403564356	0.010815780087510864	0.0036700784517820313	0.018691863887907688
58	0.517692329141455	0.034849341020837386	0.011675250292450968	0.0037827939133875986	0.018948698869601557
59	0.5256519274376418	0.03475322794738747	0.01143966194463984	0.00439394817691728	0.018937851799007213
60	0.5204670291755223	0.034979847395479303	0.011311056635192647	0.004003770993610261	0.018838598299213548
