Window	CG_Weighted_mC	CA_Weighted_mC	CT_Weighted_mC	CC_Weighted_mC	CH_Weighted_mC
1	0.38255627830943706	0.024736942797015497	0.008006722517709456	0.0030015319173888506	0.013077571640112067
2	0.3742260578673282	0.024365675140373338	0.007930983218043008	0.0030450256140389887	0.012950155563985148
3	0.37572540249824093	0.024085081072477244	0.007978592778658733	0.0031294815240463566	0.012852464694240649
4	0.3731523102286978	0.023955057234631812	0.007835545561142845	0.002924400708600019	0.012697060266619799
5	0.36390376856961665	0.023829177256529336	0.007795851465093032	0.003059212148104324	0.01266903303645089
6	0.36092966833742135	0.02405631500343097	0.0074589932439670685	0.002968097902634992	0.012613214379857757
7	0.3486579924932562	0.02376757648493226	0.0076650710840997505	0.00301837368186913	0.012579649649672267
8	0.33953560591846904	0.024187197467642238	0.007725017526099678	0.0029320695731822662	0.012723203709509186
9	0.32670293445003207	0.023982710219916763	0.007630903882208652	0.0031503645618379417	0.012636749025202591
10	0.31535227402222743	0.023471473605696836	0.007755077674762476	0.003032918104957727	0.012413285659934678
11	0.3063417754645111	0.0232016950359661	0.0077973728191198	0.002971244397441708	0.012303614040264244
12	0.2921558657668485	0.02384023873617055	0.007577748205158633	0.002914678039202737	0.012431318890310043
13	0.2878800990880867	0.022943442973866628	0.0075716260849527615	0.0029165338264362686	0.012095433555669574
14	0.27417332790433535	0.022944337887287985	0.007737899721237947	0.002954963754609419	0.012118632763564416
15	0.2673748340232758	0.02283593422088916	0.007319806940091955	0.0028730521931228537	0.011948333863748922
16	0.2569794050343249	0.022995296724753794	0.007368798700382549	0.0030686592635482766	0.012005795305687265
17	0.24387851040346645	0.02364068750387097	0.00817872360537864	0.002897727196220028	0.012498284911428252
18	0.24476677188235885	0.02322760369520361	0.007236182810825506	0.003484926475702898	0.012154546558304495
19	0.24899990782560605	0.02340886624990677	0.007782520564397718	0.003380502145128503	0.012359836157143096
20	0.24884368148197716	0.020845462558504876	0.0076144972829665265	0.0029913908320731986	0.011062263771730073
21	0.41660100730280614	0.018831215421339698	0.006467652244550893	0.002572541212571668	0.009826440449569769
22	0.534516575277539	0.018857459267831576	0.006165474337181705	0.0027631369382516676	0.009896053764982697
23	0.6025150961165586	0.019896416722235633	0.006455144133029834	0.0026673139646162386	0.010441973445040656
24	0.6214339559034915	0.019609404818671447	0.006365490866473393	0.0026712138084632516	0.010279806173822669
25	0.6487883098915175	0.02052553547845183	0.006547146028744041	0.002687252718532173	0.010735576974166605
26	0.6478633926848439	0.019322039104858156	0.0066018941367579	0.002631129199572342	0.010296429506966917
27	0.67345919440589	0.019804565009866323	0.006414476955300684	0.0030817129199126594	0.010558160562815085
28	0.6652524868058876	0.019629251642501885	0.006362067809217225	0.0026516951097777753	0.010375819691550447
29	0.6671177016611326	0.0200173116760484	0.006453641503611128	0.0026336903733143414	0.0105427706050782
30	0.6862411461543271	0.019897730829912252	0.006642748444329033	0.002682798060890274	0.010589030711271503
31	0.6786327571727604	0.01933842365223364	0.00645555971216689	0.0024918573394255724	0.010255254707740045
32	0.6849995649165261	0.019779942102522968	0.006551032187905425	0.002642320416242346	0.010479480479483674
33	0.6772448656147472	0.019528695285693537	0.006363549983527232	0.002487306921779853	0.010255848132811973
34	0.6744103166025559	0.019288514683521545	0.006535844226407044	0.0025803879681557157	0.010257269411304806
35	0.7006225030196042	0.019232829864350365	0.006348929005408582	0.0023827711773705055	0.01010266723562
36	0.6973863322217051	0.019032363901548634	0.00623935303060832	0.0024809249173437854	0.010024839381063666
37	0.6897604310685782	0.018943888091464984	0.006416049757660837	0.0026113674190162963	0.010071374741615974
38	0.6932217462456681	0.01900656080273351	0.0061876572274929915	0.002538320027947334	0.009996945305914199
39	0.6972092939211602	0.018555774129679993	0.006060119551686827	0.002474976824616478	0.009776447442618824
40	0.6933257520506598	0.019281757342843407	0.006185395771103276	0.002542129820707795	0.010232543830875096
41	0.579585666293393	0.021079571415348948	0.006630417730092102	0.0029851688023750803	0.011179644260731248
42	0.567689554266604	0.02162433457690605	0.006653769267471706	0.0028065977266900264	0.01157099185351279
43	0.5721769011566185	0.02235105599179747	0.006901216844921796	0.0029590055385061553	0.012004160314369041
44	0.5564209843759649	0.022630375873577278	0.007151017360462946	0.0028902970689437747	0.012180180475441357
45	0.5422189650777466	0.022968565823507116	0.006845537856796663	0.0029204199575109725	0.012205726894992431
46	0.5262827541275366	0.022870071719650515	0.007015335070052898	0.0029813851801202	0.012228779619155482
47	0.5274449662928528	0.022856099414132736	0.007090618962379435	0.002789976692326388	0.012198173948632538
48	0.5204318698979998	0.022978602590626968	0.007309491325036357	0.002849739782234143	0.012305987514428874
49	0.5232981692606083	0.023398211023222905	0.007301930649585009	0.0029198393588570314	0.01247109983356018
50	0.5130182766393604	0.023480927331627727	0.007548839506762393	0.0029560193771004037	0.012631220296720562
51	0.5015391562864562	0.022813997370095915	0.007389693983962027	0.002966144688334968	0.012345587650849251
52	0.5040943683409437	0.023548994712145478	0.007168695607265757	0.0028827289234176754	0.012503307552168082
53	0.49976516266399473	0.02357674282575666	0.007357555149376982	0.002912907759416476	0.012558684438051922
54	0.4979260935143288	0.023883333810847205	0.007373834179439916	0.002868912838356836	0.012675951636043604
55	0.4972724821997748	0.023843423262005812	0.007568868435797809	0.0028146103249626236	0.012712577405978968
56	0.5000678691482822	0.023658424921608884	0.007637377558318767	0.0029307155111786025	0.01266702308659472
57	0.49669442018126597	0.02390431922836598	0.00765764934837347	0.0028252762937429833	0.012760548504608792
58	0.4939176803866022	0.023684065607600696	0.00761284106364456	0.0028592923592344007	0.012680752323908164
59	0.5008628436463693	0.024070328132346348	0.007597596263625446	0.0030627593830986426	0.012853431199630967
60	0.49661417199693475	0.02417620748577156	0.007406327384776602	0.00295603397447134	0.01276963129461658
