Window	CG_Weighted_mC	CA_Weighted_mC	CT_Weighted_mC	CC_Weighted_mC	CH_Weighted_mC
1	0.39604821181584665	0.025048564247507343	0.0077360958535403115	0.0031056648289476854	0.013173349017149479
2	0.38717310595242954	0.024727919197874017	0.008231414780503724	0.0030690072216046924	0.013259602070464404
3	0.39204659975007056	0.024339034137169226	0.007817745452059544	0.0035852508620083036	0.01305532342528068
4	0.38492619439199205	0.02429531921835491	0.007911843635060728	0.0032260100567356987	0.012974990840764467
5	0.38351233444842225	0.02407623330834791	0.008067377179042315	0.0031270652892274515	0.012928763626206161
6	0.3762921197476171	0.02490192615178671	0.007917549463202422	0.0033045495193382516	0.01324515096322304
7	0.3604444114701191	0.02389478912884074	0.007995452539621993	0.0031537210747937614	0.012815077538119602
8	0.3558785517615988	0.02428803496211958	0.007930946375671348	0.003386392729361621	0.012996682086923476
9	0.3428681799786616	0.024084008674808813	0.007713915463870095	0.0031692327458832095	0.012761239362556569
10	0.33547422918853526	0.024044679600235156	0.008080478299018508	0.0033390468927620726	0.012878903521553499
11	0.3256736284872934	0.023881069503903923	0.00828719237921112	0.0035825550768434707	0.012966407600765022
12	0.30834195680475346	0.024465791998405165	0.007593903956988797	0.0032705319707903966	0.012823020316358213
13	0.30513347022587267	0.023819234642497484	0.007610932937628644	0.0031900048911010733	0.012565466938839183
14	0.2880933201140166	0.023390057673051495	0.007885320077320766	0.0032221393824417395	0.01247930801333613
15	0.28485604343792303	0.02274362048295941	0.007396260779272701	0.0033230834003714032	0.012110546018583425
16	0.2739451394824773	0.023328044018651604	0.008178495235786976	0.0034970863928103237	0.012590264810513478
17	0.2668394572343345	0.02526101961469573	0.00860680866181889	0.0036633398340407634	0.013527956821923193
18	0.26629363418554575	0.02373818526854422	0.007554536966301672	0.0038624168148386814	0.012625124187174487
19	0.27059546934611567	0.0249706020696143	0.008287885944947825	0.0037370823830835827	0.013291063537472744
20	0.26877565805361026	0.02209758451715092	0.008323248367496155	0.0034734523184174414	0.01200389559533657
21	0.44295667274608125	0.019738425541100835	0.006865789415044704	0.002973283470551587	0.010477368083680546
22	0.5525972650982403	0.019689732780326513	0.006480558325024925	0.003221601947716597	0.01050049834860951
23	0.6231619864620334	0.0205050242871445	0.007168184874977074	0.00321961340790117	0.011130719235570094
24	0.6457405718577329	0.020479145537162142	0.00685159763603066	0.0031364205551346618	0.010944670757489816
25	0.6635022861603658	0.020916281033657048	0.007092176993951865	0.003042515570989375	0.011232978953847738
26	0.6661482906771397	0.020330175480673143	0.0068152868041021645	0.0030359950258974483	0.010886581974307466
27	0.686159315088938	0.020481394701053562	0.006733889762229421	0.0033129843502032966	0.011007805609818419
28	0.6811505667047936	0.020122640947788296	0.00690286348193857	0.003089945990859992	0.010915995238516857
29	0.6862955312083258	0.020575819620333155	0.006910607512586214	0.003018448495679369	0.011072998630639489
30	0.7033478227712957	0.02096518498183446	0.006821368701831332	0.003234602793617429	0.011241112284406898
31	0.6950858634107696	0.02040667805298504	0.006732054957340108	0.0028676771814829987	0.010898667182566279
32	0.6969710998715293	0.0206723854410187	0.006932894483446839	0.002877350056619892	0.011044124226463904
33	0.6920403116689218	0.020472298500816388	0.006628040113708149	0.003083072028188087	0.010915629399872706
34	0.6944530833481429	0.02019385406326266	0.006852844548386119	0.003040695716079248	0.010888207879384068
35	0.7133710805935287	0.019315502270782325	0.006580459078385588	0.002786143272504465	0.010372537074670176
36	0.7136823255768688	0.019686166003224783	0.006618191041873639	0.0029238868723617363	0.010576752068795965
37	0.711715260098948	0.019659955653078612	0.006601299244476768	0.002913377550552895	0.01054056351474175
38	0.7095838275576642	0.01986392566102711	0.006587529106600237	0.0031298638545645264	0.010660564394425101
39	0.7121712340350439	0.019138500510943384	0.00638229639447647	0.0028899153993875537	0.010249765361092369
40	0.7119276083211689	0.019853577216641424	0.0066787610594462015	0.0030441942936706703	0.010798257637072798
41	0.601116923965722	0.021294007855523992	0.006699321939637654	0.003238339954146848	0.011402039598096709
42	0.585172821214906	0.022170918999256873	0.0068668058008241025	0.0031340537980125037	0.012001309347380954
43	0.5781122532223854	0.022576000593899633	0.007196438372873087	0.0031585617390517203	0.012304291965308915
44	0.5611563626652424	0.022484306712796304	0.006777364311996414	0.0029082374550371184	0.012024256592953898
45	0.5528661842433591	0.02287864787864788	0.00731076624077147	0.003270134046894167	0.01247473232171702
46	0.5440030370023001	0.02358015010641873	0.007431560131086762	0.003313013096556561	0.012797905534818736
47	0.5412645896516864	0.023419958198052735	0.007150525822724993	0.0032320130417886964	0.012585502438579005
48	0.5385647064172217	0.023595919633853074	0.007273464473594386	0.003090805630614523	0.012627968257814393
49	0.5335454727519526	0.023261951587615	0.0073846878817127185	0.0031763465150673647	0.012531775917559305
50	0.5260255396089953	0.023477862667125905	0.0075902743395280525	0.0031269821134086006	0.012717001455270485
51	0.5141873338273112	0.02332958852166207	0.007702319498500406	0.0031171272555213115	0.01273043087612196
52	0.5131490222521915	0.024102154828411812	0.007599125475607379	0.0030572875947854497	0.012966029466422387
53	0.52068021980507	0.023631042614951494	0.007819407019488238	0.002933728712289099	0.012781250967162885
54	0.5143287068229798	0.024283854556038667	0.007825129442635241	0.003196047596916005	0.013117190296126853
55	0.5116780123312475	0.023852776400545183	0.0077646588812447515	0.0033141854207986835	0.012965558788207767
56	0.5129215943933421	0.024570178559875786	0.007730066092065087	0.0033295239068116375	0.013187855489495885
57	0.5178914786849881	0.024201611420930698	0.007960478060145834	0.0034061329746572096	0.013185565872653035
58	0.5074177843101231	0.024175298772495305	0.008025615977423206	0.003216244783703498	0.01315664519396654
59	0.5148142123486626	0.024946971530789334	0.008068619294372492	0.0033708481311953446	0.013462298236782239
60	0.5142850612543427	0.02509083190276092	0.00800744551951815	0.003443889523649228	0.013512129470636904
