Window	CG_Weighted_mC	CA_Weighted_mC	CT_Weighted_mC	CC_Weighted_mC	CH_Weighted_mC
1	0.35855030482670347	0.01767518158173324	0.005599594867352432	0.0026551183996978275	0.009460143868839914
2	0.3556403306604757	0.01713649175191929	0.005717107405285701	0.002578423685933446	0.009268500317745247
3	0.3608425606886785	0.017149032458784075	0.005447407141367565	0.0025589412507205254	0.00916388258713383
4	0.3456131874378286	0.01740114403834845	0.005627632297136669	0.0024052588531095695	0.009278813397828635
5	0.3436154089387546	0.01720940030064986	0.006018962626003944	0.002577280590706659	0.009395125265295365
6	0.33551916724617525	0.017102102545338217	0.00552537887372338	0.0026062046047323666	0.00918801256768921
7	0.3236186315211877	0.016569022336140608	0.0054519156975028045	0.00254589849380316	0.008927455869227049
8	0.3185544370434593	0.016997779344719674	0.005199721617632065	0.002662701084171498	0.009025224114445368
9	0.306234556453836	0.016694738544739775	0.005394287719131324	0.002451853091698494	0.00890291129169351
10	0.29386425515363673	0.01638652653790786	0.005477043748732166	0.0025912821863587504	0.008807527011134757
11	0.2896973896973897	0.016717941843931765	0.005606569158899941	0.002506510416666667	0.008969491225013124
12	0.2747028122118403	0.01723833694598451	0.005284362755147877	0.002515053138010103	0.009038200532240482
13	0.2747972949954008	0.01603697177519498	0.005178198332455251	0.002451661925293064	0.008516136033390185
14	0.26244603104399655	0.016369578971170324	0.005606730610848549	0.0025000864447324773	0.008771010545492447
15	0.26488743042286284	0.016188575993454794	0.005225720975686542	0.002499240859626869	0.00861463468739901
16	0.25487854446106595	0.016276014373705263	0.005294194318599749	0.002519226522416828	0.0086147543248689
17	0.24196422651017838	0.01748174179204532	0.006469817287331406	0.0026169935637871742	0.009514279655788355
18	0.25000297410152394	0.016246598459550926	0.005142929944696602	0.0035571818685747126	0.008829504392815156
19	0.25008789534594145	0.016879393227219316	0.005951823207605648	0.0031789691252593595	0.009230511008081883
20	0.24265351468029198	0.01540760785458147	0.006111023391153317	0.0026984647923276083	0.008472406474498654
21	0.40231902359759836	0.01381856139407681	0.0046645938569082	0.002324534345764972	0.007304611300420633
22	0.5106923332893837	0.014026819278460416	0.004593856949566232	0.002611172894989412	0.007516305910656937
23	0.5735508763195709	0.014223536427705437	0.004584132090577235	0.0023743007077842403	0.007578733571593452
24	0.5994104608916208	0.014364392239900266	0.004645112144176037	0.0023787765216468663	0.007618466432643088
25	0.6193191553796926	0.015311142413590353	0.004649899013685231	0.0022660962024148626	0.007990790468896426
26	0.6223954868410548	0.014370959044168964	0.004700740901840139	0.002309948548179937	0.007659939347695407
27	0.6470357406331916	0.013772498188367273	0.004581206136807305	0.0027033777529641657	0.0075255936597580595
28	0.6394389345209017	0.014316100124735907	0.004537802513060786	0.00230212139824049	0.0076264061092693024
29	0.6409167662739295	0.014717193322220044	0.0046418107657838804	0.0022973441034478334	0.007809758266358547
30	0.656958105845925	0.014516698864191591	0.0047146883637512816	0.0023188963894908788	0.007757807840407575
31	0.6530795370800011	0.014083804836231366	0.004555623922568529	0.002286648555998789	0.007537275978167674
32	0.6562416357507073	0.014426524708384805	0.004808518339491932	0.002419251694656789	0.007765633800395843
33	0.6506042403184797	0.01442928229340036	0.004621570293481023	0.00228605767360814	0.00766249155711372
34	0.6429927972764802	0.014066165292749391	0.00461439561448745	0.0022807998124876046	0.00752450155463171
35	0.6698380579139519	0.013950207850043445	0.004546286649598742	0.0022807830487870926	0.007450938940994603
36	0.6690909403393792	0.014217756864379727	0.0046813856643993824	0.002329931846818709	0.007625695762207907
37	0.6626700310818489	0.013782297879201594	0.004636936103934479	0.0021996102640008766	0.007391759071863509
38	0.6638616508307131	0.013935189989165148	0.004559876915446999	0.002248295060738907	0.007428148426621617
39	0.6662587992326775	0.013444449621587801	0.004352018779298141	0.0022570326203033538	0.007186337588637377
40	0.6660019435458495	0.014150182226328805	0.0045244610291678335	0.0022773415820999906	0.007610932566155997
41	0.5571947125103272	0.015616361037692048	0.004814739679089428	0.002662939376161833	0.00834468829202273
42	0.5427808313825783	0.01578777846420293	0.004888211382113821	0.00243071577987631	0.008545587947653912
43	0.5570516001985238	0.01594334732044172	0.005016203661971656	0.0026866258588657734	0.008726778309661622
44	0.5257688629538713	0.01600209848498358	0.005175737948700847	0.0024709181010801784	0.008743996694219335
45	0.5088383110855021	0.01669763608113891	0.005112110225516844	0.002531808724152535	0.009017491248079615
46	0.4984729451989013	0.016670044060515178	0.005214047756787488	0.0025280719589366374	0.009040288879486007
47	0.4977021058695513	0.01656476552715481	0.005112530565397475	0.002514131645229725	0.008954243944663686
48	0.48727263473320565	0.01673768344392184	0.0051293426985002805	0.0024705191096292857	0.00899201273812088
49	0.49868322396346487	0.01647891682427954	0.005156954423154007	0.002496038106786864	0.008906761715290732
50	0.48722235789921914	0.016583943860684496	0.005264379124397873	0.0024881662628570586	0.009009546902343027
51	0.4783045448977092	0.01649295028498848	0.005172226325675914	0.0023883028701290887	0.008919500829483376
52	0.4734673070545026	0.016840712382907557	0.005192360055614911	0.0024277868492894763	0.009055199701136826
53	0.4716925155124636	0.0168458449687951	0.005270013390759494	0.0025037597637007987	0.009087955643152628
54	0.4699612403100775	0.016976038591775773	0.005223580517798738	0.0025233122140414254	0.009128893492050972
55	0.4661302798594996	0.016853490763456862	0.005327394084742379	0.0024680100852911193	0.00909166529178763
56	0.46847361095967727	0.01687754165046422	0.005409632475399599	0.002574689373079642	0.009136516117371415
57	0.4668377623286336	0.016985513339958718	0.0053592155806511605	0.0025206017867110235	0.009166296443655152
58	0.46098671970231603	0.017084082306363105	0.005256580605329527	0.0025112452568233734	0.00918310253018733
59	0.4689816218447823	0.01695447770166862	0.005273583390812705	0.0029381881576582406	0.009216557462990698
60	0.4695580593066439	0.017162829382034863	0.005312679981481589	0.0024778312784063663	0.00917673686758086
