Window	CG_Weighted_mC	CA_Weighted_mC	CT_Weighted_mC	CC_Weighted_mC	CH_Weighted_mC
1	0.458450536352801	0.02979538790477905	0.009108434634449401	0.002691272587466359	0.015630160879399363
2	0.4338889158851256	0.0290170259038029	0.008882305470608223	0.002770698867109661	0.015252699180938198
3	0.43648972017385357	0.029158697409175566	0.008811184329976183	0.0024869763078581267	0.015184159228480558
4	0.4397488824290984	0.029523527462929314	0.009268850043247515	0.002796471897651522	0.015567227937391142
5	0.43437865724044045	0.028822850693552206	0.009285602457445488	0.002625123552880633	0.015272765877552465
6	0.4303824615751221	0.028856174432134365	0.009087199829226575	0.0025529118023076398	0.015181192976924744
7	0.4224421698155747	0.029099454861075864	0.008691436306834123	0.0026432496705980652	0.015161760090762661
8	0.4051164391419066	0.028704710516597596	0.009144332009592963	0.002782019624407044	0.015221738005611387
9	0.3913013854190325	0.029022574573900974	0.008914353998213184	0.002808412939198885	0.01520590629305353
10	0.3761433760777277	0.02818443711446196	0.009000108194910284	0.0027656839573744663	0.014861910027208011
11	0.3666968014120281	0.027600424205696476	0.008733448937171994	0.002465197819632469	0.014441216961645605
12	0.3533858400726367	0.027989780164227842	0.008882178039229378	0.0025054952458754072	0.014666026152002576
13	0.33624499666444296	0.02651166657429474	0.00842645010225555	0.002685227863784945	0.013955916634660955
14	0.332997781247432	0.026641700151392698	0.008497408080054846	0.0026335752831847725	0.013973012511190201
15	0.3273170032946569	0.026447411135721816	0.008067036547667305	0.002576012386214997	0.01383004843641883
16	0.3209684584629054	0.02603490743438303	0.007904522346795333	0.0025774353171502725	0.013536062960749154
17	0.30955230541412254	0.02618803830633018	0.00790218173099976	0.0026966895014131024	0.013646879021131701
18	0.2980773302841655	0.025665619111356466	0.00743350776424974	0.0024899590730865	0.013242571160649284
19	0.312688381137579	0.026627143979123913	0.0076894008408067965	0.002697297824602478	0.013754787865438036
20	0.29536966704646156	0.02209810910008031	0.0074335677282555915	0.002458666077611252	0.011684362631149086
21	0.46816193422530494	0.020118945743598977	0.006642520804849214	0.0022745899419799043	0.010467158235877853
22	0.5542149918268856	0.019264927681679644	0.0064746787232474136	0.002246609173654126	0.010167550535820963
23	0.6185986428900206	0.019983060637530563	0.006012736692374949	0.0022046105115480635	0.01037270963767916
24	0.638496583143508	0.019434445415487663	0.005927387034954101	0.00235691125678438	0.01013744802691812
25	0.6628493397265801	0.020358076241401065	0.006300538973567117	0.002273077007628218	0.010643183354910473
26	0.6623918067702905	0.01987403936059392	0.006364868362949767	0.002290110736481587	0.010474897184043524
27	0.6825095901772886	0.018606358510803046	0.005816344332569036	0.002400043867234129	0.009841536267781541
28	0.6798713222211151	0.018781831607247668	0.005840842918419557	0.0024769907963185273	0.009952089865901662
29	0.6803602623213724	0.019064325332225258	0.005987513946734122	0.002134630271090225	0.010021715065155314
30	0.6898090921576706	0.01975286770893308	0.0065556784609137626	0.0023047120258495274	0.010502503637209098
31	0.6841189838384095	0.018491708502296457	0.006164142303628038	0.0020607260259446467	0.009824739181502038
32	0.6861143819399602	0.018956570976701503	0.0064684931579183595	0.002239330197795615	0.010145697644177427
33	0.6821372805402867	0.019435761213597694	0.006270201575952674	0.002342857142857143	0.010274071851193297
34	0.6887371593774989	0.019202292042235385	0.005845781991702279	0.0022609873539708803	0.010033680969898958
35	0.704020060226479	0.018142644582368434	0.0060847152423882216	0.0022480223094872233	0.009685520546735302
36	0.7017235428620734	0.018623562864694923	0.0060548992623208715	0.00202403964325922	0.009809949714912579
37	0.6885329916720051	0.017885120442220383	0.005700414514919644	0.002183237946275165	0.009426142651941508
38	0.6866842708007989	0.017969252528748172	0.00591196465129255	0.0022111304404376737	0.009546078630528147
39	0.7022754173805799	0.018156002809658952	0.006089930455282692	0.0022674489525007714	0.009682831930195347
40	0.691907679156575	0.01832341607524132	0.005979849103316437	0.002223694232897348	0.009684092904350997
41	0.6094452911257597	0.021049006736543054	0.006458821855827165	0.002417982316558509	0.011175635869638318
42	0.6162995498923656	0.02182690169790188	0.006443014182377399	0.0023740665601933784	0.01167780865820376
43	0.6141500851431104	0.023257179297709304	0.006729042414030109	0.002621315546172348	0.012436384021328363
44	0.6043624667035231	0.023410985434918555	0.007120482273956189	0.002409902121984094	0.012579905000252054
45	0.593201670124747	0.02385724406445089	0.00730290711457245	0.0026320234207859476	0.0128682468015586
46	0.5912763767370046	0.02433812926327387	0.007147956530552887	0.0024755177282987243	0.012962326917939637
47	0.574893671864931	0.024095476721025386	0.007125701270041035	0.0022798357673863862	0.01279135965391636
48	0.5773971009999225	0.024940066745959274	0.007677001895749448	0.00245297009695909	0.013339471337029837
49	0.5728893814225267	0.024676290625475137	0.007499877852152245	0.002519521951117799	0.01315556339402431
50	0.5653895628925265	0.024562034988117782	0.007258964722356158	0.0024632518413330866	0.013021070503896644
51	0.5678293613437051	0.02414335753083913	0.0070442322030260995	0.0024984799457672606	0.012829805387396904
52	0.57207420909386	0.02452866605615352	0.0072979129940035255	0.0025161188866173927	0.013056675680506655
53	0.5665934402779197	0.025336935040829938	0.007315251094699987	0.002550583664385117	0.013361277843206905
54	0.5613138498677418	0.02485209306950383	0.007584751203490742	0.0025227608310764947	0.013266515512791857
55	0.5716374269005848	0.02531492121483197	0.0075397800158301265	0.0025483841486990937	0.013430732196089356
56	0.562928696761844	0.02540573926864693	0.007591050407038145	0.002644767615664621	0.013475596156464603
57	0.5646064361817786	0.025138566518270487	0.007730357073242324	0.002674575548767493	0.01345123883927634
58	0.5516387395932132	0.024894802466539644	0.007746516260528545	0.0025434703841752376	0.01334589151992668
59	0.548145204027557	0.02487040396138339	0.007614879239730457	0.0028167798055234784	0.013336865900612359
60	0.5572705117790414	0.025348972892012156	0.00768269260083534	0.002550020321036409	0.013429306460399484
