Window	CG_Weighted_mC	CA_Weighted_mC	CT_Weighted_mC	CC_Weighted_mC	CH_Weighted_mC
1	0.4238892740946184	0.030922783379003935	0.00987522756538342	0.0030075319440983745	0.016440043739959716
2	0.4109324581483218	0.029683196526694253	0.009570426010998542	0.0030860644487146565	0.015919290170241292
3	0.4161257909458762	0.029804775438414133	0.009663864312415026	0.0028430133280109996	0.01591685621694499
4	0.41301907968574636	0.029741777882054184	0.009498301657546759	0.002819112871569782	0.01580984925492571
5	0.39959865867504557	0.029349120272274973	0.010013493359846602	0.0029959741597228723	0.015883457833098184
6	0.4011188588700056	0.0298029081328713	0.009705938015374494	0.002983829277804482	0.015966672521296216
7	0.3950967609990541	0.02936645021583832	0.009618367980142725	0.0028701563251012792	0.015735821998850087
8	0.39474787713596815	0.029392356102006245	0.009490892794656616	0.002786719396670652	0.01565762121027244
9	0.37304278061026425	0.02920043251287656	0.0097559144057747	0.0029845911804173802	0.015696558215032276
10	0.35965350242148886	0.029089675812847892	0.00970427482658483	0.002874345992353864	0.015559660789909297
11	0.3467423614833585	0.028805600308471305	0.009503434297939421	0.0028803092443313062	0.015395595194503205
12	0.33007188018366707	0.028595895090688796	0.009358677437584319	0.002955311670611864	0.015274207546879385
13	0.3148576009053187	0.028930027459114528	0.009365303620872203	0.002655085528574814	0.015289732949157047
14	0.30621964886066494	0.028574804482297225	0.00941988024600679	0.0029880967592911135	0.015194764893061562
15	0.3030587266363158	0.02868098456533106	0.009033147056571997	0.002790291813791144	0.015147547587873905
16	0.3039489978443333	0.028812162947256477	0.00940660881760014	0.002663603184124112	0.015236189541503202
17	0.29516117571824446	0.029365044715870356	0.009706964299146432	0.002715668455978697	0.015619494089180421
18	0.2901164975573093	0.031116176267440253	0.009692482622342754	0.002693621090015025	0.016305676691628312
19	0.30229157622975167	0.030562229009054812	0.009659816467321903	0.0026855991081784093	0.01606835320280235
20	0.2997781788104369	0.027664165526367232	0.010002931552217284	0.002926451873321635	0.014933748175617205
21	0.4918108847956201	0.02432368890068636	0.008416838282221506	0.0024302778888444622	0.012773153486721815
22	0.5743939549858136	0.023975003568652953	0.007853131928472265	0.00226268818173623	0.012500740923535482
23	0.6309638388560429	0.02527193915105913	0.008514797759615849	0.002654266683423401	0.013441742816842957
24	0.6515627921206044	0.02618234857070467	0.008496009730916427	0.0025485491154597075	0.013696996385387425
25	0.6709678551991713	0.025925542536388922	0.008371019305412944	0.0026196022922748766	0.013626946270272913
26	0.6681763180639585	0.02695423768016755	0.009016689297193242	0.0028278975380380406	0.014317915823054382
27	0.6954195133443274	0.02505237933531104	0.008498919333472774	0.002498772072884031	0.013332360589532206
28	0.6921105888497193	0.026446261077007416	0.008745512171385736	0.002711941143180532	0.014047431521834252
29	0.6874764579682613	0.02616727742409475	0.008538792310893332	0.0025304983376779537	0.013836727988355274
30	0.7009323826686515	0.025991888142993427	0.00889892881494179	0.002440881501947049	0.013819508366133396
31	0.6986488648428524	0.025833935174877958	0.008682357770249168	0.00272192430690612	0.013788349933441722
32	0.698722555475705	0.025552280927870846	0.008568116222058521	0.0025594570500100653	0.01354523530834134
33	0.69131828196984	0.02536278255376044	0.008682493976611624	0.0026876336807363553	0.013518129859710227
34	0.7011368514338729	0.02579330317115149	0.008616767307962365	0.0026340631566125644	0.013676821407785986
35	0.7112323665938272	0.025345683400185202	0.008206892736043673	0.002395524563012248	0.013282234453029172
36	0.7141665439913637	0.02500939319932369	0.008203590967051953	0.0025771682241376333	0.013209500118176442
37	0.7088051437756743	0.024909010006046985	0.008318472987377838	0.0025784041949166695	0.013192165110989579
38	0.7091281175788218	0.02536115500615489	0.008525946535553833	0.0025468613129584427	0.013398229283401496
39	0.7119459952147659	0.023834583210165707	0.0082770110838904	0.002614835781216308	0.012745655891119994
40	0.7102349828668495	0.025311373788957477	0.008463972667954857	0.0026362171493181205	0.013370199829553404
41	0.6034951216499939	0.027346502475805175	0.008603851637957296	0.0027998188122832775	0.014556869821845644
42	0.5864458991143627	0.028274543874891398	0.008556574296983045	0.0025269610440424857	0.01514372249842848
43	0.5897702463873583	0.029169411069976607	0.009140822599129612	0.0028802284819905042	0.015815221484745998
44	0.5791417221507301	0.0292201266100091	0.009223712172625092	0.00278997530251418	0.01583356288457434
45	0.5686724460309366	0.029452795234442636	0.009250720882916905	0.0028344962542744758	0.01591092551421214
46	0.5597090950251854	0.030484604029917043	0.009458034558767764	0.003016121464928224	0.01644172842090825
47	0.5608088863571632	0.029772702780372154	0.009234957933724154	0.0027566789665002724	0.015999241955934176
48	0.5554982078853047	0.030475135373449848	0.009445794273010752	0.0030363154195900584	0.016359988431783674
49	0.5509453043795826	0.030726617288644186	0.009352410119774756	0.002872098227316067	0.016388727854506516
50	0.5322992342430788	0.03069620824827935	0.00959010926496263	0.0028359855049629747	0.016499902222801642
51	0.533307799633409	0.03022607940592537	0.009125205797015852	0.0028860200239907837	0.01616813993741248
52	0.5393529428072412	0.030577692884168967	0.00930097043860239	0.003149217205785461	0.016377771705505348
53	0.5341465509835924	0.0309518155893317	0.009447159720814533	0.002711779389692887	0.016437538181701263
54	0.5401375484020112	0.030925050329682506	0.009857526555999838	0.0027624527735183924	0.01662995554011553
55	0.5387769344848643	0.03110065027579385	0.009885193633350556	0.00296665291747311	0.01674603953157362
56	0.5332924836601307	0.031222171186456565	0.00972438686357429	0.0030950109212487284	0.016698190835402884
57	0.5411593081068207	0.030882949749816438	0.009949063866075613	0.0027858386535113177	0.01663774328222754
58	0.5373900725963525	0.03034884106666414	0.009774574205783506	0.002964101438138105	0.016420384605901287
59	0.5336299244863314	0.03087207812271705	0.009486429714416766	0.0028074547227132794	0.016427858779361353
60	0.5284799068142109	0.03104720856950576	0.009733307886776767	0.0028891530967095303	0.016543349168075393
