Window	CG_Weighted_mC	CA_Weighted_mC	CT_Weighted_mC	CC_Weighted_mC	CH_Weighted_mC
1	0.43536708860759493	0.03341973014192968	0.010935988415062822	0.003180895788202858	0.017717064535106516
2	0.42193554966347135	0.034094165899156065	0.011007462686567163	0.0031956322047274658	0.017989204969933666
3	0.4179992373204525	0.03334631363968724	0.011093322161207786	0.0030357329250895932	0.017705994501891333
4	0.40681668105856655	0.03398469969991124	0.010541615759158837	0.0031595507582047808	0.017780043601334894
5	0.40174768152277096	0.03294760028542177	0.011192334199066453	0.003137821789034503	0.017568439126001204
6	0.4007871513432909	0.033286163612093016	0.010903560258772118	0.0027549538720701198	0.017493508117204622
7	0.39788430382159534	0.03362192027833806	0.011210139153958755	0.003261713922530984	0.017852919784569116
8	0.38226600985221676	0.03314047526566295	0.010428298410732327	0.0031724621412122797	0.017394137539744066
9	0.3598182067327456	0.03266809461997591	0.010722424112531872	0.0031193114539702737	0.017241652088616465
10	0.3540643999099302	0.0322418947707621	0.010988209476815353	0.0028865042562574335	0.01705057800990874
11	0.33853319857626224	0.032646011729939174	0.010753069656282354	0.003143831414859452	0.0171899967762958
12	0.3271898490061581	0.03144187074068051	0.010640327333964845	0.002953437498566849	0.01665829388692738
13	0.32328796716353425	0.031376920497310994	0.010217096608324596	0.0027618469909194516	0.01640453883535639
14	0.309465279966383	0.03265788359080675	0.010116185218093151	0.0029144410083403616	0.016855018867649188
15	0.3022446782075706	0.03200118738021334	0.010847276190211384	0.0030409030327233884	0.016972467382843293
16	0.2910695045841719	0.031207517588338608	0.010790911584143794	0.002805157247861188	0.016476708989539318
17	0.2768931641424478	0.03186166198696028	0.010666966090276219	0.003100999710373618	0.016792512089207057
18	0.27315181765600566	0.03265650249420361	0.010047928919102245	0.0028655366298191358	0.016804280424024483
19	0.28948790298373056	0.032988716681505166	0.010515888431357315	0.0030712137692750657	0.017164408118830306
20	0.27996433781812285	0.028979892731143323	0.010194266612002902	0.0028637623128879622	0.015204381598296481
21	0.4694169231633054	0.02609220273169758	0.00905401135802069	0.00256759004667456	0.013498614430597753
22	0.5624563664679663	0.025875998778563794	0.008531854432750226	0.002628936401287748	0.01340746366324196
23	0.6319811690859161	0.02678765249858898	0.00885370837666257	0.0028873508555899963	0.014074011907214266
24	0.6454126984126984	0.026500105806156183	0.008728548878748908	0.002659023579565982	0.013794161577509708
25	0.6716373248217047	0.0275310384033622	0.009172315613221117	0.0026715228160541222	0.01442853750206509
26	0.6716630179453171	0.02701877575942604	0.009285564605612561	0.0027072681817158044	0.014259129468061967
27	0.6985465116279069	0.02703813989269632	0.00898215506607292	0.0026242491994618866	0.014181638003900552
28	0.6861142981177711	0.02764855447782277	0.009219330349709284	0.002653563097842793	0.014517028253532441
29	0.6818451430396496	0.028089347904407348	0.009507959055640251	0.00256627369243796	0.014778212010856337
30	0.7070697981343171	0.028617605925696208	0.009297663820969212	0.00273584945988347	0.014918534704750123
31	0.6938430830646399	0.027572789666934022	0.009064762053756777	0.002700663251121967	0.014428874689648966
32	0.7061807926787121	0.027378021438784404	0.009295727382278018	0.002789589252908147	0.014416447285947098
33	0.6914489537527398	0.027554171834808162	0.009463228811544839	0.002577329713547089	0.014495691197755178
34	0.6996260905691732	0.026509669092866138	0.009069466506967038	0.002741167144518777	0.014007537625995763
35	0.7080795282880952	0.026123013130615064	0.008878596925572387	0.002918139599362307	0.01380770289012797
36	0.7164915833438805	0.02680984801367806	0.008624204703692021	0.002530580631376529	0.013896680187566526
37	0.7039167535685852	0.026094806036478103	0.009090271831923853	0.0027361466367116965	0.013815627300009386
38	0.7097205752683268	0.026207120030869526	0.008668796740383924	0.002647905950193157	0.01369015009965374
39	0.7099605891615844	0.025105660716694393	0.00866386482824839	0.0025436360635725645	0.013240679609097557
40	0.7159468513029323	0.026405861928356957	0.00896678327887484	0.002671515450479453	0.013849403210044612
41	0.5998990428485449	0.028486436196258937	0.009165075147388525	0.002945780292314946	0.015060329140150396
42	0.5980687849243647	0.029696985438394753	0.00913976822770902	0.002864788288997324	0.015826584562498178
43	0.5857350145101571	0.0302952121292416	0.009073751080512917	0.002946070005546006	0.01611454521110417
44	0.5759831118568838	0.030736140337808898	0.009574546312050083	0.003040586931361202	0.016457247306406044
45	0.5728342658691877	0.03140209811299744	0.009947296249624357	0.002809548557517594	0.01680034424361515
46	0.5571138434515315	0.03211951490788519	0.00985674892029441	0.0029303289041580356	0.017042215987741596
47	0.5566318719554628	0.032006086142322095	0.009926124677603832	0.003046473270592801	0.017023910569798774
48	0.5485364193328796	0.03265132819757349	0.010281819734263132	0.00300392584682283	0.017363926963069102
49	0.5479310812644146	0.03240088926162705	0.01024817910009443	0.00282846124855817	0.017170175786382434
50	0.5379454019101215	0.03297091676819911	0.009758782401519988	0.003210741389375365	0.017364818302935636
51	0.5366337681581245	0.03143491037800912	0.010131928264323532	0.0029527712420337505	0.016872347468730616
52	0.5365366984846034	0.03309511855212962	0.010121493771683886	0.0032471297692218486	0.017572765792847972
53	0.5365463805808409	0.03336921675000118	0.010476205109294656	0.003019722200905533	0.01769115246976416
54	0.5382554331646323	0.03380155550318171	0.010525884456008975	0.0031379217065347605	0.01794443782043639
55	0.5390372843628269	0.033183047360368895	0.010472286156381662	0.0028533051755462043	0.017572756023360146
56	0.5328343728343728	0.03322798901466557	0.010355379571589393	0.0030162996190954967	0.017538672830264602
57	0.5428425125170687	0.032765476092222995	0.010386963225820079	0.003125823231747355	0.017441521097379512
58	0.5294973054660546	0.033186226904495554	0.010609383493598756	0.002830248934165775	0.01762806519153263
59	0.5321382699502988	0.03433179780172212	0.010614166488337257	0.003215536453358803	0.018159155034694792
60	0.5275107272826028	0.03380126874904499	0.010972769497141424	0.003092738770084064	0.017998468215471023
